image: map_1.pgm
resolution: 0.050000
origin: [-2.874351, -3.660770, 0.000000]
negate: 0
occupied_thresh: 0.65
free_thresh: 0.196

